waleedsamy
paulvi
